831
238
420
419
174
314
195
455
967
804
470
399
877
482
547
497
436
133
520
698
838
951
528
461
96
125
712
924
256
365
730
883
534
348
15
60
439
761
23
467
799
107
320
752
275
329
126
671
585
521
4
278
517
536
895
277
377
748
99
634
453
984
160
56
411
210
992
669
827
593
913
269
356
894
574
961
836
283
673
199
328
802
779
161
641
675
288
555
40
49
930
700
271
756
508
743
718
824
668
864
466
144
444
745
33
988
715
431
529
774
284
117
686
122
744
841
630
491
782
717
471
850
969
602
180
814
452
185
647
706
104
137
994
252
576
813
569
579
410
631
39
772
433
769
925
110
978
84
551
970
88
1000
250
280
821
176
623
407
222
290
904
259
506
97
701
640
620
92
932
391
54
754
683
66
792
999
302
321
20
396
697
26
445
794
239
448
477
397
947
699
72
844
959
21
196
61
475
511
233
413
626
885
805
41
892
944
355
720
966
531
53
423
254
901
234
67
643
473
36
165
113
991
544
981
605
726
151
542
533
478
750
577
342
313
764
446
724
703
148
392
644
235
584
34
336
17
152
341
198
998
404
12
787
688
257
311
629
95
677
964
873
737
721
287
192
958
162
487
219
609
902
186
102
248
173
538
212
788
870
633
361
582
716
650
755
68
221
228
78
933
454
374
143
513
592
220
553
570
866
875
758
376
987
31
216
565
405
357
171
408
286
422
28
931
590
940
607
869
22
530
430
504
722
636
835
451
639
766
591
267
780
330
908
757
897
191
447
853
298
729
460
406
608
299
855
632
458
340
972
906
662
449
546
548
241
366
891
600
71
893
589
138
166
214
887
642
301
263
749
934
127
682
949
680
74
319
62
175
691
910
816
503
807
694
316
347
786
116
942
158
232
121
664
434
132
539
795
474
532
646
938
986
708
568
331
394
957
594
909
926
601
979
651
118
318
485
518
344
345
727
205
734
373
527
733
820
818
424
146
349
253
968
307
30
763
549
747
378
119
765
983
653
903
689
50
134
385
169
927
859
635
714
962
492
989
564
588
343
352
43
948
442
943
759
709
929
384
810
457
14
773
29
315
611
856
218
368
823
599
692
702
778
48
985
338
438
848
625
956
953
337
172
55
648
628
354
308
103
291
791
305
428
857
64
739
495
63
484
975
557
265
481
266
652
955
86
443
760
179
489
822
731
159
379
977
678
403
120
47
306
89
109
560
696
695
128
886
809
25
741
596
896
272
200
954
545
268
914
736
679
8
363
826
426
101
115
606
595
837
325
375
304
540
899
659
858
916
432
382
350
59
770
498
123
798
479
865
578
46
247
572
81
472
225
459
362
667
124
840
830
293
781
416
9
522
35
136
131
114
37
921
155
483
690
217
587
783
369
917
879
665
147
231
187
258
93
719
581
656
493
800
971
456
516
367
91
149
561
624
672
111
139
100
775
790
276
567
201
905
189
674
13
480
586
670
486
412
260
952
768
554
83
525
713
282
435
181
597
543
762
777
359
880
796
274
907
421
213
197
243
322
776
223
193
868
676
389
188
242
163
618
616
468
227
323
409
812
559
387
339
388
157
657
832
73
990
941
965
562
390
612
211
834
5
738
417
237
334
324
645
112
849
939
77
614
735
398
829
996
327
207
861
541
244
575
168
661
510
150
936
817
771
803
610
993
919
69
164
937
11
441
499
494
27
519
801
556
524
94
785
156
178
393
32
381
395
194
224
312
847
1
860
655
621
740
24
129
450
261
622
974
828
332
370
437
598
51
550
18
604
203
402
995
552
888
206
627
889
751
245
285
44
476
371
825
230
746
649
326
142
580
852
415
240
872
167
900
226
871
742
711
851
469
501
811
57
351
946
297
42
488
660
215
292
603
98
87
793
496
563
507
170
364
360
911
898
839
537
806
7
462
52
808
251
693
526
236
654
797
997
246
208
262
270
295
79
145
767
684
918
130
3
833
613
401
6
615
638
663
753
10
281
75
789
784
928
863
289
583
920
876
429
19
141
963
310
358
204
279
878
182
535
380
705
732
135
566
386
85
16
90
687
819
140
704
58
854
177
725
303
571
685
862
264
427
915
728
335
523
82
619
202
960
372
617
845
425
346
255
509
106
229
973
333
515
976
383
502
294
70
414
874
950
723
105
400
573
309
843
882
2
190
710
418
440
465
296
935
846
65
884
108
980
154
300
637
658
505
184
890
558
209
80
514
249
353
153
842
923
512
922
912
681
76
45
945
38
881
464
490
273
867
183
982
815
317
666
707
463
500