911
383
767
563
439
828
149
282
188
162
876
543
364
140
342
935
34
608
62
313
741
356
835
605
315
585
240
11
314
539
886
986
477
58
896
412
864
824
448
646
805
669
474
551
305
389
257
948
485
382
95
915
74
369
310
609
746
85
970
415
19
51
918
684
380
329
906
172
618
378
27
42
479
765
276
437
269
698
729
37
967
492
125
344
304
613
454
928
120
769
714
956
797
829
464
673
112
744
203
849
131
170
175
432
130
416
826
927
283
817
467
706
273
226
588
708
435
178
17
360
250
757
311
236
649
509
410
70
901
922
185
307
297
440
992
820
341
463
689
524
206
748
154
712
197
781
777
531
332
348
759
1
194
39
716
66
471
687
634
998
61
631
218
243
929
355
287
732
462
221
803
278
336
930
738
414
57
417
816
518
887
823
966
610
594
997
793
785
438
783
239
363
489
514
853
751
932
321
204
710
764
955
743
893
455
672
54
465
533
361
457
583
535
252
359
449
83
115
622
871
695
642
367
32
141
727
427
400
936
942
839
312
552
801
821
628
107
472
500
16
241
957
446
238
429
599
988
207
775
65
295
153
56
459
6
791
596
891
338
346
296
976
882
9
137
595
789
740
621
411
94
260
511
308
575
126
213
553
844
80
756
249
247
331
548
405
324
979
212
750
337
425
838
166
532
923
659
473
476
971
640
899
177
434
627
664
214
499
699
707
752
210
47
728
288
339
22
366
187
537
319
931
481
233
995
121
375
128
136
902
343
72
780
676
101
470
262
76
569
401
259
657
614
103
534
451
589
890
445
38
248
52
894
303
394
133
271
546
974
224
798
952
504
384
917
272
558
67
711
755
822
554
665
36
842
68
737
638
856
196
92
202
685
41
395
637
830
398
368
690
912
426
28
644
815
607
422
406
719
662
139
550
763
542
145
812
386
86
403
541
907
50
567
496
460
18
778
980
885
510
959
700
874
969
225
616
266
413
566
525
98
110
559
603
281
171
846
968
186
857
897
456
79
191
519
169
220
586
430
697
144
507
570
163
353
790
109
399
933
352
629
656
156
547
982
804
75
624
678
322
157
947
960
753
419
484
565
940
734
572
877
840
424
692
944
164
261
632
48
392
165
784
814
682
478
937
205
327
920
506
617
652
981
873
516
939
376
658
176
643
397
941
761
908
198
183
530
46
35
132
155
742
180
879
318
883
358
63
195
396
475
503
989
865
71
223
14
275
309
602
285
788
701
888
20
13
704
691
965
881
501
668
578
653
683
292
255
800
884
245
872
182
983
192
825
277
958
961
193
786
754
2
655
15
934
291
381
809
674
717
371
189
538
528
792
388
146
670
866
587
108
831
256
870
73
945
555
679
181
736
84
53
556
597
301
601
258
696
199
827
443
951
160
26
562
69
625
433
782
354
549
251
606
666
787
147
480
762
235
289
880
387
114
726
681
374
10
722
650
150
990
100
833
151
263
953
161
663
779
357
265
190
630
104
370
102
718
943
526
420
521
159
174
111
686
33
135
985
660
105
490
142
55
766
760
316
799
138
21
950
859
612
688
735
373
393
326
347
268
246
488
806
620
973
31
977
811
895
253
483
747
119
466
582
23
497
964
123
611
745
91
143
702
540
869
772
216
527
365
703
87
796
294
720
581
807
300
837
604
770
90
44
991
179
379
858
724
636
330
946
152
898
641
325
117
623
201
264
851
978
158
938
317
776
574
975
242
487
495
377
987
715
819
444
81
693
758
841
571
852
843
813
733
651
848
723
725
168
892
407
442
522
89
390
808
867
59
254
351
512
134
680
774
771
335
274
402
768
577
229
592
77
694
963
832
491
1000
211
436
30
600
730
469
845
227
122
615
647
113
232
925
88
349
219
234
82
408
836
118
208
560
97
230
626
850
493
328
391
545
306
889
794
184
293
45
926
847
536
450
458
568
855
468
362
284
667
418
8
502
834
431
333
909
854
222
452
323
24
523
148
795
520
29
677
267
129
984
508
705
639
209
878
279
486
675
517
428
231
7
962
173
244
914
40
217
904
421
302
461
3
913
12
875
996
593
576
334
633
579
713
802
64
721
96
921
580
635
237
404
773
619
167
453
515
654
661
200
270
584
447
903
861
910
919
591
598
900
954
648
671
999
5
590
709
557
320
60
99
731
340
972
409
949
505
863
345
49
298
544
994
862
868
280
513
810
290
993
4
573
749
25
739
564
561
498
299
441
494
215
228
818
93
860
529
127
924
372
286
905
116
482
385
43
350
78
916
423
106
124
645