361
147
341
405
132
127
173
300
304
492
78
478
106
201
314
403
325
217
298
200
447
275
126
188
169
98
494
416
393
389
181
487
140
223
414
308
407
400
276
480
319
189
495
446
221
18
185
42
315
430
269
483
500
382
442
123
227
150
100
124
301
7
239
317
194
293
130
264
161
261
160
40
214
251
65
107
155
342
33
83
254
197
162
391
234
134
392
93
454
499
434
186
11
347
113
484
348
244
143
438
137
116
465
368
142
384
358
402
453
177
55
467
133
62
15
326
265
445
252
255
75
472
109
328
443
258
146
8
63
354
184
449
337
313
84
31
461
257
352
353
387
149
404
376
373
168
235
67
306
233
152
274
469
129
312
362
457
66
249
309
419
203
176
412
381
44
283
230
418
193
27
488
128
174
232
54
216
474
205
462
204
357
333
365
247
468
108
421
295
120
163
158
50
316
290
324
212
272
118
433
270
464
331
496
198
192
279
224
339
23
61
240
413
87
86
273
262
85
138
459
286
220
41
178
327
105
94
5
408
104
39
4
38
448
311
481
242
71
305
332
417
423
436
451
243
36
463
218
21
346
101
211
366
196
431
90
296
170
437
167
215
409
435
297
10
291
231
103
219
199
60
81
259
491
329
456
206
49
70
26
370
493
119
340
64
225
29
444
425
355
336
294
2
359
263
471
25
115
213
241
48
88
89
73
139
367
452
427
344
187
236
157
141
165
154
428
477
77
256
246
171
117
20
229
159
396
76
12
458
34
476
278
135
238
210
360
79
349
399
92
209
489
280
455
32
330
284
14
58
351
95
222
385
497
114
320
390
45
51
131
112
57
323
397
17
172
420
369
1
439
182
415
470
335
6
122
473
350
148
228
485
343
202
377
46
440
245
372
183
289
96
195
303
19
237
383
386
43
191
59
394
356
460
267
30
125
375
153
479
47
307
16
22
208
145
410
13
466
378
180
322
110
166
268
82
271
380
345
53
52
179
99
253
260
432
74
156
37
72
121
69
424
144
363
266
285
486
475
175
248
35
321
482
364
374
379
441
401
338
398
334
426
282
151
102
9
318
406
164
136
111
80
302
56
24
288
277
429
97
281
207
310
287
498
3
371
226
68
28
388
411
422
190
292
395
299
91
490
450
250