457
241
128
349
82
216
441
380
24
63
103
46
314
408
388
101
237
112
425
309
13
107
130
159
342
333
420
39
356
329
71
478
72
123
479
219
226
481
406
402
49
94
337
198
338
499
164
464
299
446
368
225
33
426
439
285
397
363
371
4
467
161
69
53
57
491
357
267
156
210
255
431
186
149
268
77
233
458
265
459
45
454
75
442
374
30
235
100
271
142
452
119
448
453
445
73
367
135
59
151
466
218
10
350
496
132
126
253
160
74
282
194
90
261
232
266
244
312
346
50
16
220
172
190
257
8
469
47
310
177
42
105
106
302
86
378
411
430
360
401
157
136
369
238
462
384
150
472
385
435
486
76
97
83
187
279
304
281
192
215
377
297
27
313
207
29
95
229
35
269
376
450
201
184
25
294
343
328
154
470
3
306
248
81
434
489
32
424
475
423
393
87
155
432
490
443
173
287
197
286
145
341
300
121
325
183
224
404
364
68
31
303
483
206
320
484
147
358
292
323
280
22
61
456
191
465
447
37
379
415
66
188
17
116
44
334
409
204
316
180
5
476
223
134
84
273
298
247
403
131
170
256
193
370
444
181
182
474
245
152
202
222
414
9
1
270
140
102
355
427
259
398
111
354
89
395
473
58
52
291
208
67
318
189
6
283
477
231
412
392
234
43
18
383
205
153
125
262
11
148
319
213
394
361
498
7
165
330
51
60
336
373
174
413
212
36
250
264
289
15
41
419
387
352
322
324
471
386
113
55
494
115
199
263
455
171
133
200
227
260
98
92
122
93
166
254
365
353
428
340
290
345
296
293
99
500
480
242
196
249
26
251
422
48
437
375
162
344
110
34
117
91
168
274
326
277
137
429
418
217
400
118
495
389
347
19
366
436
252
246
351
40
288
65
80
321
127
203
497
230
214
278
143
239
243
109
332
307
451
179
391
139
175
2
493
158
176
23
488
381
359
236
463
305
163
405
407
228
315
38
362
104
138
275
141
78
433
88
399
124
169
146
276
438
64
209
14
331
284
178
114
461
129
327
195
167
372
301
492
482
295
449
410
70
460
28
21
468
56
382
272
108
221
348
339
317
144
54
311
79
417
12
20
185
416
421
258
120
485
335
440
487
240
85
390
96
396
62
211
308